(kicad_pcb (version 20171130) (host pcbnew "(5.0.0)")

  (general
    (thickness 1.6)
    (drawings 4)
    (tracks 405)
    (zones 0)
    (modules 38)
    (nets 38)
  )

  (page A4)
  (layers
    (0 F.Cu signal)
    (31 B.Cu signal)
    (32 B.Adhes user)
    (33 F.Adhes user)
    (34 B.Paste user)
    (35 F.Paste user)
    (36 B.SilkS user)
    (37 F.SilkS user)
    (38 B.Mask user)
    (39 F.Mask user)
    (40 Dwgs.User user)
    (41 Cmts.User user)
    (42 Eco1.User user)
    (43 Eco2.User user)
    (44 Edge.Cuts user)
    (45 Margin user)
    (46 B.CrtYd user)
    (47 F.CrtYd user)
    (48 B.Fab user hide)
    (49 F.Fab user hide)
  )

  (setup
    (last_trace_width 0.2)
    (trace_clearance 0.2)
    (zone_clearance 0.25)
    (zone_45_only no)
    (trace_min 0.2)
    (segment_width 0.2)
    (edge_width 0.15)
    (via_size 0.6)
    (via_drill 0.3)
    (via_min_size 0.6)
    (via_min_drill 0.3)
    (uvia_size 0.3)
    (uvia_drill 0.1)
    (uvias_allowed yes)
    (uvia_min_size 0.2)
    (uvia_min_drill 0.1)
    (pcb_text_width 0.3)
    (pcb_text_size 1.5 1.5)
    (mod_edge_width 0.15)
    (mod_text_size 1 1)
    (mod_text_width 0.15)
    (pad_size 6.4 6.4)
    (pad_drill 3.2)
    (pad_to_mask_clearance 0.2)
    (aux_axis_origin -0.014 -0.007)
    (grid_origin -0.014 -0.007)
    (visible_elements 7FFFFFFF)
    (pcbplotparams
      (layerselection 0x010fc_ffffffff)
      (usegerberextensions false)
      (usegerberattributes false)
      (usegerberadvancedattributes false)
      (creategerberjobfile false)
      (excludeedgelayer true)
      (linewidth 0.100000)
      (plotframeref false)
      (viasonmask false)
      (mode 1)
      (useauxorigin false)
      (hpglpennumber 1)
      (hpglpenspeed 20)
      (hpglpendiameter 15.000000)
      (psnegative false)
      (psa4output false)
      (plotreference true)
      (plotvalue true)
      (plotinvisibletext false)
      (padsonsilk false)
      (subtractmaskfromsilk false)
      (outputformat 1)
      (mirror false)
      (drillshape 1)
      (scaleselection 1)
      (outputdirectory ""))
  )

  (net 0 "")
  (net 1 /USBaSPI/GP0)
  (net 2 "Net-(D2-Pad2)")
  (net 3 "Net-(D1-Pad2)")
  (net 4 +3V3)
  (net 5 GND)
  (net 6 "Net-(R4-Pad2)")
  (net 7 "Net-(R3-Pad2)")
  (net 8 "Net-(C15-Pad1)")
  (net 9 "Net-(C16-Pad1)")
  (net 10 "Net-(R5-Pad1)")
  (net 11 "Net-(U1-Pad1)")
  (net 12 /USBaSPI/D-)
  (net 13 /USBaSPI/D+)
  (net 14 "Net-(U3-Pad2)")
  (net 15 "Net-(U3-Pad3)")
  (net 16 "Net-(U3-Pad6)")
  (net 17 "Net-(U3-Pad7)")
  (net 18 "Net-(U3-Pad8)")
  (net 19 /USBaSPI/MOSI)
  (net 20 "Net-(U3-Pad10)")
  (net 21 /USBaSPI/SCK)
  (net 22 "Net-(U3-Pad12)")
  (net 23 /USBaSPI/MISO)
  (net 24 "Net-(U3-Pad14)")
  (net 25 "Net-(U3-Pad15)")
  (net 26 "Net-(U3-Pad16)")
  (net 27 /CC1101/ANT)
  (net 28 "Net-(C9-Pad1)")
  (net 29 "Net-(C10-Pad1)")
  (net 30 +5V)
  (net 31 "Net-(J2-Pad4)")
  (net 32 "Net-(C2-Pad1)")
  (net 33 "Net-(C7-Pad1)")
  (net 34 "Net-(U4-Pad3)")
  (net 35 "Net-(U4-Pad6)")
  (net 36 /CC1101/RF_P)
  (net 37 /CC1101/RF_N)

  (net_class Default "This is the default net class."
    (clearance 0.2)
    (trace_width 0.2)
    (via_dia 0.6)
    (via_drill 0.3)
    (uvia_dia 0.3)
    (uvia_drill 0.1)
    (add_net +3V3)
    (add_net +5V)
    (add_net /CC1101/ANT)
    (add_net /CC1101/RF_N)
    (add_net /CC1101/RF_P)
    (add_net /USBaSPI/D+)
    (add_net /USBaSPI/D-)
    (add_net /USBaSPI/GP0)
    (add_net /USBaSPI/MISO)
    (add_net /USBaSPI/MOSI)
    (add_net /USBaSPI/SCK)
    (add_net GND)
    (add_net "Net-(C10-Pad1)")
    (add_net "Net-(C15-Pad1)")
    (add_net "Net-(C16-Pad1)")
    (add_net "Net-(C2-Pad1)")
    (add_net "Net-(C7-Pad1)")
    (add_net "Net-(C9-Pad1)")
    (add_net "Net-(D1-Pad2)")
    (add_net "Net-(D2-Pad2)")
    (add_net "Net-(J2-Pad4)")
    (add_net "Net-(R3-Pad2)")
    (add_net "Net-(R4-Pad2)")
    (add_net "Net-(R5-Pad1)")
    (add_net "Net-(U1-Pad1)")
    (add_net "Net-(U3-Pad10)")
    (add_net "Net-(U3-Pad12)")
    (add_net "Net-(U3-Pad14)")
    (add_net "Net-(U3-Pad15)")
    (add_net "Net-(U3-Pad16)")
    (add_net "Net-(U3-Pad2)")
    (add_net "Net-(U3-Pad3)")
    (add_net "Net-(U3-Pad6)")
    (add_net "Net-(U3-Pad7)")
    (add_net "Net-(U3-Pad8)")
    (add_net "Net-(U4-Pad3)")
    (add_net "Net-(U4-Pad6)")
  )

  (module Capacitor_SMD:C_0603_1608Metric (layer F.Cu) (tedit 5B301BBE) (tstamp 5BC0735D)
    (at 19.2139 24.4786)
    (descr "Capacitor SMD 0603 (1608 Metric), square (rectangular) end terminal, IPC_7351 nominal, (Body size source: http://www.tortai-tech.com/upload/download/2011102023233369053.pdf), generated with kicad-footprint-generator")
    (tags capacitor)
    (path /5B9A8077/5BEFB898)
    (attr smd)
    (fp_text reference C12 (at -3.0227 -0.0508) (layer F.SilkS)
      (effects (font (size 1 1) (thickness 0.15)))
    )
    (fp_text value 100nF (at 0 1.43) (layer F.Fab)
      (effects (font (size 1 1) (thickness 0.15)))
    )
    (fp_line (start -0.8 0.4) (end -0.8 -0.4) (layer F.Fab) (width 0.1))
    (fp_line (start -0.8 -0.4) (end 0.8 -0.4) (layer F.Fab) (width 0.1))
    (fp_line (start 0.8 -0.4) (end 0.8 0.4) (layer F.Fab) (width 0.1))
    (fp_line (start 0.8 0.4) (end -0.8 0.4) (layer F.Fab) (width 0.1))
    (fp_line (start -0.162779 -0.51) (end 0.162779 -0.51) (layer F.SilkS) (width 0.12))
    (fp_line (start -0.162779 0.51) (end 0.162779 0.51) (layer F.SilkS) (width 0.12))
    (fp_line (start -1.48 0.73) (end -1.48 -0.73) (layer F.CrtYd) (width 0.05))
    (fp_line (start -1.48 -0.73) (end 1.48 -0.73) (layer F.CrtYd) (width 0.05))
    (fp_line (start 1.48 -0.73) (end 1.48 0.73) (layer F.CrtYd) (width 0.05))
    (fp_line (start 1.48 0.73) (end -1.48 0.73) (layer F.CrtYd) (width 0.05))
    (fp_text user %R (at 0 0) (layer F.Fab)
      (effects (font (size 0.4 0.4) (thickness 0.06)))
    )
    (pad 1 smd roundrect (at -0.7875 0) (size 0.875 0.95) (layers F.Cu F.Paste F.Mask) (roundrect_rratio 0.25)
      (net 4 +3V3))
    (pad 2 smd roundrect (at 0.7875 0) (size 0.875 0.95) (layers F.Cu F.Paste F.Mask) (roundrect_rratio 0.25)
      (net 5 GND))
    (model ${KISYS3DMOD}/Capacitor_SMD.3dshapes/C_0603_1608Metric.wrl
      (at (xyz 0 0 0))
      (scale (xyz 1 1 1))
      (rotate (xyz 0 0 0))
    )
  )

  (module SOT95P280X100-5N (layer F.Cu) (tedit 5BBFA602) (tstamp 5BBFBEBC)
    (at 25.9956 2.4822)
    (descr TSOT-5LD-PL-1)
    (tags "Integrated Circuit")
    (path /5B9997DB/5BEF597E)
    (attr smd)
    (fp_text reference U2 (at 2.54 2.5908 180) (layer F.SilkS)
      (effects (font (size 1 1) (thickness 0.25)))
    )
    (fp_text value MIC5323-3.3YD5_TR (at -0.127 -3.048) (layer F.SilkS) hide
      (effects (font (size 1.27 1.27) (thickness 0.254)))
    )
    (fp_line (start -2.075 -1.7) (end 2.075 -1.7) (layer Dwgs.User) (width 0.05))
    (fp_line (start 2.075 -1.7) (end 2.075 1.7) (layer Dwgs.User) (width 0.05))
    (fp_line (start 2.075 1.7) (end -2.075 1.7) (layer Dwgs.User) (width 0.05))
    (fp_line (start -2.075 1.7) (end -2.075 -1.7) (layer Dwgs.User) (width 0.05))
    (fp_line (start -0.8 -1.45) (end 0.8 -1.45) (layer Dwgs.User) (width 0.1))
    (fp_line (start 0.8 -1.45) (end 0.8 1.45) (layer Dwgs.User) (width 0.1))
    (fp_line (start 0.8 1.45) (end -0.8 1.45) (layer Dwgs.User) (width 0.1))
    (fp_line (start -0.8 1.45) (end -0.8 -1.45) (layer Dwgs.User) (width 0.1))
    (fp_line (start -0.8 -0.5) (end 0.15 -1.45) (layer Dwgs.User) (width 0.1))
    (fp_line (start -0.425 -1.45) (end 0.425 -1.45) (layer F.SilkS) (width 0.2))
    (fp_line (start 0.425 -1.45) (end 0.425 1.45) (layer F.SilkS) (width 0.2))
    (fp_line (start 0.425 1.45) (end -0.425 1.45) (layer F.SilkS) (width 0.2))
    (fp_line (start -0.425 1.45) (end -0.425 -1.45) (layer F.SilkS) (width 0.2))
    (fp_line (start -1.825 -1.5) (end -0.775 -1.5) (layer F.SilkS) (width 0.2))
    (pad 1 smd rect (at -1.3 -0.95 90) (size 0.6 1.05) (layers F.Cu F.Paste F.Mask)
      (net 30 +5V))
    (pad 2 smd rect (at -1.3 0 90) (size 0.6 1.05) (layers F.Cu F.Paste F.Mask)
      (net 5 GND))
    (pad 3 smd rect (at -1.3 0.95 90) (size 0.6 1.05) (layers F.Cu F.Paste F.Mask)
      (net 30 +5V))
    (pad 4 smd rect (at 1.3 0.95 90) (size 0.6 1.05) (layers F.Cu F.Paste F.Mask)
      (net 32 "Net-(C2-Pad1)"))
    (pad 5 smd rect (at 1.3 -0.95 90) (size 0.6 1.05) (layers F.Cu F.Paste F.Mask)
      (net 4 +3V3))
  )

  (module MountingHole:MountingHole_3.2mm_M3_Pad (layer F.Cu) (tedit 56D1B4CB) (tstamp 5BBFA89E)
    (at 36 26)
    (descr "Mounting Hole 3.2mm, M3")
    (tags "mounting hole 3.2mm m3")
    (path /5BBFDA3A)
    (attr virtual)
    (fp_text reference H2 (at 2.34 -4.2) (layer F.SilkS)
      (effects (font (size 1 1) (thickness 0.15)))
    )
    (fp_text value MountingHole_Pad (at 0 4.2) (layer F.Fab)
      (effects (font (size 1 1) (thickness 0.15)))
    )
    (fp_circle (center 0 0) (end 3.45 0) (layer F.CrtYd) (width 0.05))
    (fp_circle (center 0 0) (end 3.2 0) (layer Cmts.User) (width 0.15))
    (fp_text user %R (at 0.3 0) (layer F.Fab)
      (effects (font (size 1 1) (thickness 0.15)))
    )
    (pad 1 thru_hole circle (at 0 0) (size 6.4 6.4) (drill 3.2) (layers *.Cu *.Mask)
      (net 5 GND))
  )

  (module MountingHole:MountingHole_3.2mm_M3_Pad (layer F.Cu) (tedit 56D1B4CB) (tstamp 5BBFA896)
    (at 36 4)
    (descr "Mounting Hole 3.2mm, M3")
    (tags "mounting hole 3.2mm m3")
    (path /5BBFDA66)
    (attr virtual)
    (fp_text reference H3 (at 2.5432 4.0702) (layer F.SilkS)
      (effects (font (size 1 1) (thickness 0.15)))
    )
    (fp_text value MountingHole_Pad (at 0 4.2) (layer F.Fab)
      (effects (font (size 1 1) (thickness 0.15)))
    )
    (fp_text user %R (at 0.3 0) (layer F.Fab)
      (effects (font (size 1 1) (thickness 0.15)))
    )
    (fp_circle (center 0 0) (end 3.2 0) (layer Cmts.User) (width 0.15))
    (fp_circle (center 0 0) (end 3.45 0) (layer F.CrtYd) (width 0.05))
    (pad 1 thru_hole circle (at 0 0) (size 6.4 6.4) (drill 3.2) (layers *.Cu *.Mask)
      (net 5 GND))
  )

  (module MountingHole:MountingHole_3.2mm_M3_Pad (layer F.Cu) (tedit 56D1B4CB) (tstamp 5BBFA88E)
    (at 4 26)
    (descr "Mounting Hole 3.2mm, M3")
    (tags "mounting hole 3.2mm m3")
    (path /5BBFDA96)
    (attr virtual)
    (fp_text reference H4 (at -2.7948 -3.5534) (layer F.SilkS)
      (effects (font (size 1 1) (thickness 0.15)))
    )
    (fp_text value MountingHole_Pad (at 0 4.2) (layer F.Fab)
      (effects (font (size 1 1) (thickness 0.15)))
    )
    (fp_circle (center 0 0) (end 3.45 0) (layer F.CrtYd) (width 0.05))
    (fp_circle (center 0 0) (end 3.2 0) (layer Cmts.User) (width 0.15))
    (fp_text user %R (at 0.3 0) (layer F.Fab)
      (effects (font (size 1 1) (thickness 0.15)))
    )
    (pad 1 thru_hole circle (at 0 0) (size 6.4 6.4) (drill 3.2) (layers *.Cu *.Mask)
      (net 5 GND))
  )

  (module MountingHole:MountingHole_3.2mm_M3_Pad (layer F.Cu) (tedit 56D1B4CB) (tstamp 5BBFA886)
    (at 4 4)
    (descr "Mounting Hole 3.2mm, M3")
    (tags "mounting hole 3.2mm m3")
    (path /5BBFD953)
    (attr virtual)
    (fp_text reference H1 (at -2.6932 3.8162) (layer F.SilkS)
      (effects (font (size 1 1) (thickness 0.15)))
    )
    (fp_text value MountingHole_Pad (at 0 4.2) (layer F.Fab)
      (effects (font (size 1 1) (thickness 0.15)))
    )
    (fp_text user %R (at 0.3 0) (layer F.Fab)
      (effects (font (size 1 1) (thickness 0.15)))
    )
    (fp_circle (center 0 0) (end 3.2 0) (layer Cmts.User) (width 0.15))
    (fp_circle (center 0 0) (end 3.45 0) (layer F.CrtYd) (width 0.05))
    (pad 1 thru_hole circle (at 0 0) (size 6.4 6.4) (drill 3.2) (layers *.Cu *.Mask)
      (net 5 GND))
  )

  (module 0915BM15A0001E (layer F.Cu) (tedit 5BBE75FB) (tstamp 5BC07484)
    (at 23.7096 20.3598)
    (descr 0915BM15A0001E-1)
    (tags Filter)
    (path /5B9A8077/5BF115E1)
    (attr smd)
    (fp_text reference U5 (at 1.4732 3.1536) (layer F.SilkS)
      (effects (font (size 1.27 1.27) (thickness 0.254)))
    )
    (fp_text value 0915BM15A0001E (at 0 -0.15) (layer F.SilkS) hide
      (effects (font (size 1.27 1.27) (thickness 0.254)))
    )
    (fp_line (start -1 -0.625) (end 1 -0.625) (layer Dwgs.User) (width 0.2))
    (fp_line (start 1 -0.625) (end 1 0.625) (layer Dwgs.User) (width 0.2))
    (fp_line (start 1 0.625) (end -1 0.625) (layer Dwgs.User) (width 0.2))
    (fp_line (start -1 0.625) (end -1 -0.625) (layer Dwgs.User) (width 0.2))
    (fp_line (start -1.7 -2.4) (end 1.7 -2.4) (layer Dwgs.User) (width 0.1))
    (fp_line (start 1.7 -2.4) (end 1.7 2.1) (layer Dwgs.User) (width 0.1))
    (fp_line (start 1.7 2.1) (end -1.7 2.1) (layer Dwgs.User) (width 0.1))
    (fp_line (start -1.7 2.1) (end -1.7 -2.4) (layer Dwgs.User) (width 0.1))
    (fp_line (start -1 -0.625) (end -1 0.625) (layer F.SilkS) (width 0.1))
    (fp_line (start 1 -0.625) (end 1 0.625) (layer F.SilkS) (width 0.1))
    (fp_line (start 0.65 -1.6) (end 0.65 -1.6) (layer F.SilkS) (width 0.1))
    (fp_line (start 0.65 -1.7) (end 0.65 -1.7) (layer F.SilkS) (width 0.1))
    (fp_arc (start 0.65 -1.65) (end 0.65 -1.6) (angle 180) (layer F.SilkS) (width 0.1))
    (fp_arc (start 0.65 -1.65) (end 0.65 -1.7) (angle 180) (layer F.SilkS) (width 0.1))
    (pad 1 smd rect (at 0.65 -0.9) (size 0.35 1) (layers F.Cu F.Paste F.Mask)
      (net 10 "Net-(R5-Pad1)"))
    (pad 2 smd rect (at 0 -0.9) (size 0.35 1) (layers F.Cu F.Paste F.Mask)
      (net 5 GND))
    (pad 3 smd rect (at -0.65 -0.9) (size 0.35 1) (layers F.Cu F.Paste F.Mask)
      (net 37 /CC1101/RF_N))
    (pad 4 smd rect (at -0.65 0.9) (size 0.35 1) (layers F.Cu F.Paste F.Mask)
      (net 36 /CC1101/RF_P))
    (pad 5 smd rect (at 0 0.9) (size 0.35 1) (layers F.Cu F.Paste F.Mask)
      (net 5 GND))
    (pad 6 smd rect (at 0.65 0.9) (size 0.35 1) (layers F.Cu F.Paste F.Mask)
      (net 5 GND))
  )

  (module 5-1814832-1 (layer F.Cu) (tedit 5BBE5B12) (tstamp 5BC07B3F)
    (at 32.5488 14.9282 90)
    (descr 5-1814832-1)
    (tags Connector)
    (path /5BEE5678)
    (fp_text reference J1 (at -0.0298 4.3908 90) (layer F.SilkS)
      (effects (font (size 1.27 1.27) (thickness 0.254)))
    )
    (fp_text value 5-1814832-1 (at -0.376 -4.081 90) (layer F.SilkS) hide
      (effects (font (size 1.27 1.27) (thickness 0.254)))
    )
    (fp_line (start -3.2 -3.2) (end 3.2 -3.2) (layer Dwgs.User) (width 0.2))
    (fp_line (start 3.2 -3.2) (end 3.2 3.2) (layer Dwgs.User) (width 0.2))
    (fp_line (start 3.2 3.2) (end -3.2 3.2) (layer Dwgs.User) (width 0.2))
    (fp_line (start -3.2 3.2) (end -3.2 -3.2) (layer Dwgs.User) (width 0.2))
    (fp_line (start -3.2 -1.2) (end -3.2 1.2) (layer F.SilkS) (width 0.2))
    (fp_line (start -1.2 -3.2) (end 1.2 -3.2) (layer F.SilkS) (width 0.2))
    (fp_line (start 3.2 -1.2) (end 3.2 1.2) (layer F.SilkS) (width 0.2))
    (fp_line (start -1.2 3.2) (end 1.2 3.2) (layer F.SilkS) (width 0.2))
    (pad 1 thru_hole circle (at 0 0 180) (size 2.3 2.3) (drill 1.5) (layers *.Cu *.Mask F.SilkS)
      (net 27 /CC1101/ANT))
    (pad 2 thru_hole circle (at -2.54 2.54 180) (size 2.5 2.5) (drill 1.6) (layers *.Cu *.Mask F.SilkS)
      (net 5 GND))
    (pad 3 thru_hole circle (at 2.54 2.54 180) (size 2.5 2.5) (drill 1.6) (layers *.Cu *.Mask F.SilkS)
      (net 5 GND))
    (pad 4 thru_hole circle (at 2.54 -2.54 180) (size 2.5 2.5) (drill 1.6) (layers *.Cu *.Mask F.SilkS)
      (net 5 GND))
    (pad 5 thru_hole circle (at -2.54 -2.54 180) (size 2.5 2.5) (drill 1.6) (layers *.Cu *.Mask F.SilkS)
      (net 5 GND))
  )

  (module QFN50P400X400X100-21N-D (layer F.Cu) (tedit 5BBEC402) (tstamp 5BC073CF)
    (at 17.9692 20.1098)
    (descr "RGP (S-PVQFN-N20)_2")
    (tags "Integrated Circuit")
    (path /5B9A8077/5BBFFFB0)
    (attr smd)
    (fp_text reference U4 (at -4.2672 -2.9464) (layer F.SilkS)
      (effects (font (size 1.27 1.27) (thickness 0.254)))
    )
    (fp_text value CC1101RGP (at 0 0) (layer F.SilkS) hide
      (effects (font (size 1.27 1.27) (thickness 0.254)))
    )
    (fp_circle (center -2.4 -1.75) (end -2.275 -1.75) (layer F.SilkS) (width 0.254))
    (fp_line (start -2 -1.5) (end -1.5 -2) (layer Dwgs.User) (width 0.1))
    (fp_line (start -2 2) (end -2 -2) (layer Dwgs.User) (width 0.1))
    (fp_line (start 2 2) (end -2 2) (layer Dwgs.User) (width 0.1))
    (fp_line (start 2 -2) (end 2 2) (layer Dwgs.User) (width 0.1))
    (fp_line (start -2 -2) (end 2 -2) (layer Dwgs.User) (width 0.1))
    (fp_line (start -2.65 2.65) (end -2.65 -2.65) (layer Dwgs.User) (width 0.05))
    (fp_line (start 2.65 2.65) (end -2.65 2.65) (layer Dwgs.User) (width 0.05))
    (fp_line (start 2.65 -2.65) (end 2.65 2.65) (layer Dwgs.User) (width 0.05))
    (fp_line (start -2.65 -2.65) (end 2.65 -2.65) (layer Dwgs.User) (width 0.05))
    (pad 21 smd rect (at 0 0) (size 2.5 2.5) (layers F.Cu F.Paste F.Mask)
      (net 5 GND))
    (pad 20 smd rect (at -1 -1.95) (size 0.3 0.9) (layers F.Cu F.Paste F.Mask)
      (net 19 /USBaSPI/MOSI))
    (pad 19 smd rect (at -0.5 -1.95) (size 0.3 0.9) (layers F.Cu F.Paste F.Mask)
      (net 5 GND))
    (pad 18 smd rect (at 0 -1.95) (size 0.3 0.9) (layers F.Cu F.Paste F.Mask)
      (net 4 +3V3))
    (pad 17 smd rect (at 0.5 -1.95) (size 0.3 0.9) (layers F.Cu F.Paste F.Mask)
      (net 6 "Net-(R4-Pad2)"))
    (pad 16 smd rect (at 1 -1.95) (size 0.3 0.9) (layers F.Cu F.Paste F.Mask)
      (net 5 GND))
    (pad 15 smd rect (at 1.95 -1 90) (size 0.3 0.9) (layers F.Cu F.Paste F.Mask)
      (net 4 +3V3))
    (pad 14 smd rect (at 1.95 -0.5 90) (size 0.3 0.9) (layers F.Cu F.Paste F.Mask)
      (net 4 +3V3))
    (pad 13 smd rect (at 1.95 0 90) (size 0.3 0.9) (layers F.Cu F.Paste F.Mask)
      (net 37 /CC1101/RF_N))
    (pad 12 smd rect (at 1.95 0.5 90) (size 0.3 0.9) (layers F.Cu F.Paste F.Mask)
      (net 36 /CC1101/RF_P))
    (pad 11 smd rect (at 1.95 1 90) (size 0.3 0.9) (layers F.Cu F.Paste F.Mask)
      (net 4 +3V3))
    (pad 10 smd rect (at 1 1.95) (size 0.3 0.9) (layers F.Cu F.Paste F.Mask)
      (net 29 "Net-(C10-Pad1)"))
    (pad 9 smd rect (at 0.5 1.95) (size 0.3 0.9) (layers F.Cu F.Paste F.Mask)
      (net 4 +3V3))
    (pad 8 smd rect (at 0 1.95) (size 0.3 0.9) (layers F.Cu F.Paste F.Mask)
      (net 28 "Net-(C9-Pad1)"))
    (pad 7 smd rect (at -0.5 1.95) (size 0.3 0.9) (layers F.Cu F.Paste F.Mask)
      (net 5 GND))
    (pad 6 smd rect (at -1 1.95) (size 0.3 0.9) (layers F.Cu F.Paste F.Mask)
      (net 35 "Net-(U4-Pad6)"))
    (pad 5 smd rect (at -1.95 1 90) (size 0.3 0.9) (layers F.Cu F.Paste F.Mask)
      (net 33 "Net-(C7-Pad1)"))
    (pad 4 smd rect (at -1.95 0.5 90) (size 0.3 0.9) (layers F.Cu F.Paste F.Mask)
      (net 4 +3V3))
    (pad 3 smd rect (at -1.95 0 90) (size 0.3 0.9) (layers F.Cu F.Paste F.Mask)
      (net 34 "Net-(U4-Pad3)"))
    (pad 2 smd rect (at -1.95 -0.5 90) (size 0.3 0.9) (layers F.Cu F.Paste F.Mask)
      (net 23 /USBaSPI/MISO))
    (pad 1 smd rect (at -1.95 -1 90) (size 0.3 0.9) (layers F.Cu F.Paste F.Mask)
      (net 21 /USBaSPI/SCK))
  )

  (module Capacitor_SMD:C_0402_1005Metric (layer F.Cu) (tedit 5B301BBE) (tstamp 5BC07421)
    (at 26.633 21.2782 270)
    (descr "Capacitor SMD 0402 (1005 Metric), square (rectangular) end terminal, IPC_7351 nominal, (Body size source: http://www.tortai-tech.com/upload/download/2011102023233369053.pdf), generated with kicad-footprint-generator")
    (tags capacitor)
    (path /5B9A8077/5B9B43C5)
    (attr smd)
    (fp_text reference C15 (at 2.6416 -0.0738 270) (layer F.SilkS)
      (effects (font (size 1 1) (thickness 0.15)))
    )
    (fp_text value n.a (at 0 1.17 270) (layer F.Fab)
      (effects (font (size 1 1) (thickness 0.15)))
    )
    (fp_text user %R (at 0 0 270) (layer F.Fab)
      (effects (font (size 0.25 0.25) (thickness 0.04)))
    )
    (fp_line (start 0.93 0.47) (end -0.93 0.47) (layer F.CrtYd) (width 0.05))
    (fp_line (start 0.93 -0.47) (end 0.93 0.47) (layer F.CrtYd) (width 0.05))
    (fp_line (start -0.93 -0.47) (end 0.93 -0.47) (layer F.CrtYd) (width 0.05))
    (fp_line (start -0.93 0.47) (end -0.93 -0.47) (layer F.CrtYd) (width 0.05))
    (fp_line (start 0.5 0.25) (end -0.5 0.25) (layer F.Fab) (width 0.1))
    (fp_line (start 0.5 -0.25) (end 0.5 0.25) (layer F.Fab) (width 0.1))
    (fp_line (start -0.5 -0.25) (end 0.5 -0.25) (layer F.Fab) (width 0.1))
    (fp_line (start -0.5 0.25) (end -0.5 -0.25) (layer F.Fab) (width 0.1))
    (pad 2 smd roundrect (at 0.485 0 270) (size 0.59 0.64) (layers F.Cu F.Paste F.Mask) (roundrect_rratio 0.25)
      (net 5 GND))
    (pad 1 smd roundrect (at -0.485 0 270) (size 0.59 0.64) (layers F.Cu F.Paste F.Mask) (roundrect_rratio 0.25)
      (net 8 "Net-(C15-Pad1)"))
    (model ${KISYS3DMOD}/Capacitor_SMD.3dshapes/C_0402_1005Metric.wrl
      (at (xyz 0 0 0))
      (scale (xyz 1 1 1))
      (rotate (xyz 0 0 0))
    )
  )

  (module Capacitor_SMD:C_0402_1005Metric (layer F.Cu) (tedit 5B301BBE) (tstamp 5BC074C0)
    (at 27.5704 16.249 90)
    (descr "Capacitor SMD 0402 (1005 Metric), square (rectangular) end terminal, IPC_7351 nominal, (Body size source: http://www.tortai-tech.com/upload/download/2011102023233369053.pdf), generated with kicad-footprint-generator")
    (tags capacitor)
    (path /5B9A8077/5B9B73EA)
    (attr smd)
    (fp_text reference C16 (at 0.508 -1.2192 90) (layer F.SilkS)
      (effects (font (size 1 1) (thickness 0.15)))
    )
    (fp_text value n.a (at 0 1.17 90) (layer F.Fab)
      (effects (font (size 1 1) (thickness 0.15)))
    )
    (fp_line (start -0.5 0.25) (end -0.5 -0.25) (layer F.Fab) (width 0.1))
    (fp_line (start -0.5 -0.25) (end 0.5 -0.25) (layer F.Fab) (width 0.1))
    (fp_line (start 0.5 -0.25) (end 0.5 0.25) (layer F.Fab) (width 0.1))
    (fp_line (start 0.5 0.25) (end -0.5 0.25) (layer F.Fab) (width 0.1))
    (fp_line (start -0.93 0.47) (end -0.93 -0.47) (layer F.CrtYd) (width 0.05))
    (fp_line (start -0.93 -0.47) (end 0.93 -0.47) (layer F.CrtYd) (width 0.05))
    (fp_line (start 0.93 -0.47) (end 0.93 0.47) (layer F.CrtYd) (width 0.05))
    (fp_line (start 0.93 0.47) (end -0.93 0.47) (layer F.CrtYd) (width 0.05))
    (fp_text user %R (at 0 0 90) (layer F.Fab)
      (effects (font (size 0.25 0.25) (thickness 0.04)))
    )
    (pad 1 smd roundrect (at -0.485 0 90) (size 0.59 0.64) (layers F.Cu F.Paste F.Mask) (roundrect_rratio 0.25)
      (net 9 "Net-(C16-Pad1)"))
    (pad 2 smd roundrect (at 0.485 0 90) (size 0.59 0.64) (layers F.Cu F.Paste F.Mask) (roundrect_rratio 0.25)
      (net 5 GND))
    (model ${KISYS3DMOD}/Capacitor_SMD.3dshapes/C_0402_1005Metric.wrl
      (at (xyz 0 0 0))
      (scale (xyz 1 1 1))
      (rotate (xyz 0 0 0))
    )
  )

  (module Capacitor_SMD:C_0603_1608Metric (layer F.Cu) (tedit 5B301BBE) (tstamp 5BC0732D)
    (at 22.2364 15.741 90)
    (descr "Capacitor SMD 0603 (1608 Metric), square (rectangular) end terminal, IPC_7351 nominal, (Body size source: http://www.tortai-tech.com/upload/download/2011102023233369053.pdf), generated with kicad-footprint-generator")
    (tags capacitor)
    (path /5B9A8077/5BEFBAF0)
    (attr smd)
    (fp_text reference C13 (at 0 2.8448 90) (layer F.SilkS)
      (effects (font (size 1 1) (thickness 0.15)))
    )
    (fp_text value 100nF (at 0 1.43 90) (layer F.Fab)
      (effects (font (size 1 1) (thickness 0.15)))
    )
    (fp_text user %R (at 0 0 90) (layer F.Fab)
      (effects (font (size 0.4 0.4) (thickness 0.06)))
    )
    (fp_line (start 1.48 0.73) (end -1.48 0.73) (layer F.CrtYd) (width 0.05))
    (fp_line (start 1.48 -0.73) (end 1.48 0.73) (layer F.CrtYd) (width 0.05))
    (fp_line (start -1.48 -0.73) (end 1.48 -0.73) (layer F.CrtYd) (width 0.05))
    (fp_line (start -1.48 0.73) (end -1.48 -0.73) (layer F.CrtYd) (width 0.05))
    (fp_line (start -0.162779 0.51) (end 0.162779 0.51) (layer F.SilkS) (width 0.12))
    (fp_line (start -0.162779 -0.51) (end 0.162779 -0.51) (layer F.SilkS) (width 0.12))
    (fp_line (start 0.8 0.4) (end -0.8 0.4) (layer F.Fab) (width 0.1))
    (fp_line (start 0.8 -0.4) (end 0.8 0.4) (layer F.Fab) (width 0.1))
    (fp_line (start -0.8 -0.4) (end 0.8 -0.4) (layer F.Fab) (width 0.1))
    (fp_line (start -0.8 0.4) (end -0.8 -0.4) (layer F.Fab) (width 0.1))
    (pad 2 smd roundrect (at 0.7875 0 90) (size 0.875 0.95) (layers F.Cu F.Paste F.Mask) (roundrect_rratio 0.25)
      (net 5 GND))
    (pad 1 smd roundrect (at -0.7875 0 90) (size 0.875 0.95) (layers F.Cu F.Paste F.Mask) (roundrect_rratio 0.25)
      (net 4 +3V3))
    (model ${KISYS3DMOD}/Capacitor_SMD.3dshapes/C_0603_1608Metric.wrl
      (at (xyz 0 0 0))
      (scale (xyz 1 1 1))
      (rotate (xyz 0 0 0))
    )
  )

  (module Capacitor_SMD:C_0603_1608Metric (layer F.Cu) (tedit 5B301BBE) (tstamp 5BC0726D)
    (at 22.1856 24.2246 270)
    (descr "Capacitor SMD 0603 (1608 Metric), square (rectangular) end terminal, IPC_7351 nominal, (Body size source: http://www.tortai-tech.com/upload/download/2011102023233369053.pdf), generated with kicad-footprint-generator")
    (tags capacitor)
    (path /5B9A8077/5BEFBAA8)
    (attr smd)
    (fp_text reference C11 (at 1.3208 -1.6256 270) (layer F.SilkS)
      (effects (font (size 1 1) (thickness 0.15)))
    )
    (fp_text value 100nF (at 0 1.43 270) (layer F.Fab)
      (effects (font (size 1 1) (thickness 0.15)))
    )
    (fp_text user %R (at 0 0 270) (layer F.Fab)
      (effects (font (size 0.4 0.4) (thickness 0.06)))
    )
    (fp_line (start 1.48 0.73) (end -1.48 0.73) (layer F.CrtYd) (width 0.05))
    (fp_line (start 1.48 -0.73) (end 1.48 0.73) (layer F.CrtYd) (width 0.05))
    (fp_line (start -1.48 -0.73) (end 1.48 -0.73) (layer F.CrtYd) (width 0.05))
    (fp_line (start -1.48 0.73) (end -1.48 -0.73) (layer F.CrtYd) (width 0.05))
    (fp_line (start -0.162779 0.51) (end 0.162779 0.51) (layer F.SilkS) (width 0.12))
    (fp_line (start -0.162779 -0.51) (end 0.162779 -0.51) (layer F.SilkS) (width 0.12))
    (fp_line (start 0.8 0.4) (end -0.8 0.4) (layer F.Fab) (width 0.1))
    (fp_line (start 0.8 -0.4) (end 0.8 0.4) (layer F.Fab) (width 0.1))
    (fp_line (start -0.8 -0.4) (end 0.8 -0.4) (layer F.Fab) (width 0.1))
    (fp_line (start -0.8 0.4) (end -0.8 -0.4) (layer F.Fab) (width 0.1))
    (pad 2 smd roundrect (at 0.7875 0 270) (size 0.875 0.95) (layers F.Cu F.Paste F.Mask) (roundrect_rratio 0.25)
      (net 5 GND))
    (pad 1 smd roundrect (at -0.7875 0 270) (size 0.875 0.95) (layers F.Cu F.Paste F.Mask) (roundrect_rratio 0.25)
      (net 4 +3V3))
    (model ${KISYS3DMOD}/Capacitor_SMD.3dshapes/C_0603_1608Metric.wrl
      (at (xyz 0 0 0))
      (scale (xyz 1 1 1))
      (rotate (xyz 0 0 0))
    )
  )

  (module Capacitor_SMD:C_0603_1608Metric (layer F.Cu) (tedit 5B301BBE) (tstamp 5BC072FD)
    (at 21.0172 27.3234 270)
    (descr "Capacitor SMD 0603 (1608 Metric), square (rectangular) end terminal, IPC_7351 nominal, (Body size source: http://www.tortai-tech.com/upload/download/2011102023233369053.pdf), generated with kicad-footprint-generator")
    (tags capacitor)
    (path /5B9A8077/5BF0725F)
    (attr smd)
    (fp_text reference C10 (at 0 -1.5748 270) (layer F.SilkS)
      (effects (font (size 1 1) (thickness 0.15)))
    )
    (fp_text value 18pF (at 0 1.43 270) (layer F.Fab)
      (effects (font (size 1 1) (thickness 0.15)))
    )
    (fp_line (start -0.8 0.4) (end -0.8 -0.4) (layer F.Fab) (width 0.1))
    (fp_line (start -0.8 -0.4) (end 0.8 -0.4) (layer F.Fab) (width 0.1))
    (fp_line (start 0.8 -0.4) (end 0.8 0.4) (layer F.Fab) (width 0.1))
    (fp_line (start 0.8 0.4) (end -0.8 0.4) (layer F.Fab) (width 0.1))
    (fp_line (start -0.162779 -0.51) (end 0.162779 -0.51) (layer F.SilkS) (width 0.12))
    (fp_line (start -0.162779 0.51) (end 0.162779 0.51) (layer F.SilkS) (width 0.12))
    (fp_line (start -1.48 0.73) (end -1.48 -0.73) (layer F.CrtYd) (width 0.05))
    (fp_line (start -1.48 -0.73) (end 1.48 -0.73) (layer F.CrtYd) (width 0.05))
    (fp_line (start 1.48 -0.73) (end 1.48 0.73) (layer F.CrtYd) (width 0.05))
    (fp_line (start 1.48 0.73) (end -1.48 0.73) (layer F.CrtYd) (width 0.05))
    (fp_text user %R (at 0 0 270) (layer F.Fab)
      (effects (font (size 0.4 0.4) (thickness 0.06)))
    )
    (pad 1 smd roundrect (at -0.7875 0 270) (size 0.875 0.95) (layers F.Cu F.Paste F.Mask) (roundrect_rratio 0.25)
      (net 29 "Net-(C10-Pad1)"))
    (pad 2 smd roundrect (at 0.7875 0 270) (size 0.875 0.95) (layers F.Cu F.Paste F.Mask) (roundrect_rratio 0.25)
      (net 5 GND))
    (model ${KISYS3DMOD}/Capacitor_SMD.3dshapes/C_0603_1608Metric.wrl
      (at (xyz 0 0 0))
      (scale (xyz 1 1 1))
      (rotate (xyz 0 0 0))
    )
  )

  (module Capacitor_SMD:C_0603_1608Metric (layer F.Cu) (tedit 5B301BBE) (tstamp 5BC072CD)
    (at 14.8704 27.2471 90)
    (descr "Capacitor SMD 0603 (1608 Metric), square (rectangular) end terminal, IPC_7351 nominal, (Body size source: http://www.tortai-tech.com/upload/download/2011102023233369053.pdf), generated with kicad-footprint-generator")
    (tags capacitor)
    (path /5B9A8077/5BF04031)
    (attr smd)
    (fp_text reference C9 (at 0.0253 -1.524 90) (layer F.SilkS)
      (effects (font (size 1 1) (thickness 0.15)))
    )
    (fp_text value 18pF (at 0 1.43 90) (layer F.Fab)
      (effects (font (size 1 1) (thickness 0.15)))
    )
    (fp_text user %R (at 0 0 90) (layer F.Fab)
      (effects (font (size 0.4 0.4) (thickness 0.06)))
    )
    (fp_line (start 1.48 0.73) (end -1.48 0.73) (layer F.CrtYd) (width 0.05))
    (fp_line (start 1.48 -0.73) (end 1.48 0.73) (layer F.CrtYd) (width 0.05))
    (fp_line (start -1.48 -0.73) (end 1.48 -0.73) (layer F.CrtYd) (width 0.05))
    (fp_line (start -1.48 0.73) (end -1.48 -0.73) (layer F.CrtYd) (width 0.05))
    (fp_line (start -0.162779 0.51) (end 0.162779 0.51) (layer F.SilkS) (width 0.12))
    (fp_line (start -0.162779 -0.51) (end 0.162779 -0.51) (layer F.SilkS) (width 0.12))
    (fp_line (start 0.8 0.4) (end -0.8 0.4) (layer F.Fab) (width 0.1))
    (fp_line (start 0.8 -0.4) (end 0.8 0.4) (layer F.Fab) (width 0.1))
    (fp_line (start -0.8 -0.4) (end 0.8 -0.4) (layer F.Fab) (width 0.1))
    (fp_line (start -0.8 0.4) (end -0.8 -0.4) (layer F.Fab) (width 0.1))
    (pad 2 smd roundrect (at 0.7875 0 90) (size 0.875 0.95) (layers F.Cu F.Paste F.Mask) (roundrect_rratio 0.25)
      (net 5 GND))
    (pad 1 smd roundrect (at -0.7875 0 90) (size 0.875 0.95) (layers F.Cu F.Paste F.Mask) (roundrect_rratio 0.25)
      (net 28 "Net-(C9-Pad1)"))
    (model ${KISYS3DMOD}/Capacitor_SMD.3dshapes/C_0603_1608Metric.wrl
      (at (xyz 0 0 0))
      (scale (xyz 1 1 1))
      (rotate (xyz 0 0 0))
    )
  )

  (module Capacitor_SMD:C_0603_1608Metric (layer F.Cu) (tedit 5B301BBE) (tstamp 5BC0729D)
    (at 20.5092 15.741 90)
    (descr "Capacitor SMD 0603 (1608 Metric), square (rectangular) end terminal, IPC_7351 nominal, (Body size source: http://www.tortai-tech.com/upload/download/2011102023233369053.pdf), generated with kicad-footprint-generator")
    (tags capacitor)
    (path /5B9A8077/5BEFBB3E)
    (attr smd)
    (fp_text reference C14 (at 0 3.3528 90) (layer F.SilkS)
      (effects (font (size 1 1) (thickness 0.15)))
    )
    (fp_text value 100nF (at 0 1.43 90) (layer F.Fab)
      (effects (font (size 1 1) (thickness 0.15)))
    )
    (fp_line (start -0.8 0.4) (end -0.8 -0.4) (layer F.Fab) (width 0.1))
    (fp_line (start -0.8 -0.4) (end 0.8 -0.4) (layer F.Fab) (width 0.1))
    (fp_line (start 0.8 -0.4) (end 0.8 0.4) (layer F.Fab) (width 0.1))
    (fp_line (start 0.8 0.4) (end -0.8 0.4) (layer F.Fab) (width 0.1))
    (fp_line (start -0.162779 -0.51) (end 0.162779 -0.51) (layer F.SilkS) (width 0.12))
    (fp_line (start -0.162779 0.51) (end 0.162779 0.51) (layer F.SilkS) (width 0.12))
    (fp_line (start -1.48 0.73) (end -1.48 -0.73) (layer F.CrtYd) (width 0.05))
    (fp_line (start -1.48 -0.73) (end 1.48 -0.73) (layer F.CrtYd) (width 0.05))
    (fp_line (start 1.48 -0.73) (end 1.48 0.73) (layer F.CrtYd) (width 0.05))
    (fp_line (start 1.48 0.73) (end -1.48 0.73) (layer F.CrtYd) (width 0.05))
    (fp_text user %R (at 0 0 90) (layer F.Fab)
      (effects (font (size 0.4 0.4) (thickness 0.06)))
    )
    (pad 1 smd roundrect (at -0.7875 0 90) (size 0.875 0.95) (layers F.Cu F.Paste F.Mask) (roundrect_rratio 0.25)
      (net 4 +3V3))
    (pad 2 smd roundrect (at 0.7875 0 90) (size 0.875 0.95) (layers F.Cu F.Paste F.Mask) (roundrect_rratio 0.25)
      (net 5 GND))
    (model ${KISYS3DMOD}/Capacitor_SMD.3dshapes/C_0603_1608Metric.wrl
      (at (xyz 0 0 0))
      (scale (xyz 1 1 1))
      (rotate (xyz 0 0 0))
    )
  )

  (module Capacitor_SMD:C_0603_1608Metric (layer F.Cu) (tedit 5B301BBE) (tstamp 5BC0744D)
    (at 12.94 22.1418 180)
    (descr "Capacitor SMD 0603 (1608 Metric), square (rectangular) end terminal, IPC_7351 nominal, (Body size source: http://www.tortai-tech.com/upload/download/2011102023233369053.pdf), generated with kicad-footprint-generator")
    (tags capacitor)
    (path /5B9A8077/5BEFB74F)
    (attr smd)
    (fp_text reference C7 (at -0.0508 1.5748 180) (layer F.SilkS)
      (effects (font (size 1 1) (thickness 0.15)))
    )
    (fp_text value 100nF (at 0 1.43 180) (layer F.Fab)
      (effects (font (size 1 1) (thickness 0.15)))
    )
    (fp_text user %R (at 0 0 180) (layer F.Fab)
      (effects (font (size 0.4 0.4) (thickness 0.06)))
    )
    (fp_line (start 1.48 0.73) (end -1.48 0.73) (layer F.CrtYd) (width 0.05))
    (fp_line (start 1.48 -0.73) (end 1.48 0.73) (layer F.CrtYd) (width 0.05))
    (fp_line (start -1.48 -0.73) (end 1.48 -0.73) (layer F.CrtYd) (width 0.05))
    (fp_line (start -1.48 0.73) (end -1.48 -0.73) (layer F.CrtYd) (width 0.05))
    (fp_line (start -0.162779 0.51) (end 0.162779 0.51) (layer F.SilkS) (width 0.12))
    (fp_line (start -0.162779 -0.51) (end 0.162779 -0.51) (layer F.SilkS) (width 0.12))
    (fp_line (start 0.8 0.4) (end -0.8 0.4) (layer F.Fab) (width 0.1))
    (fp_line (start 0.8 -0.4) (end 0.8 0.4) (layer F.Fab) (width 0.1))
    (fp_line (start -0.8 -0.4) (end 0.8 -0.4) (layer F.Fab) (width 0.1))
    (fp_line (start -0.8 0.4) (end -0.8 -0.4) (layer F.Fab) (width 0.1))
    (pad 2 smd roundrect (at 0.7875 0 180) (size 0.875 0.95) (layers F.Cu F.Paste F.Mask) (roundrect_rratio 0.25)
      (net 5 GND))
    (pad 1 smd roundrect (at -0.7875 0 180) (size 0.875 0.95) (layers F.Cu F.Paste F.Mask) (roundrect_rratio 0.25)
      (net 33 "Net-(C7-Pad1)"))
    (model ${KISYS3DMOD}/Capacitor_SMD.3dshapes/C_0603_1608Metric.wrl
      (at (xyz 0 0 0))
      (scale (xyz 1 1 1))
      (rotate (xyz 0 0 0))
    )
  )

  (module Capacitor_SMD:C_0603_1608Metric (layer F.Cu) (tedit 5B301BBE) (tstamp 5BC0738D)
    (at 12.94 20.3638 180)
    (descr "Capacitor SMD 0603 (1608 Metric), square (rectangular) end terminal, IPC_7351 nominal, (Body size source: http://www.tortai-tech.com/upload/download/2011102023233369053.pdf), generated with kicad-footprint-generator")
    (tags capacitor)
    (path /5B9A8077/5BEFB6E8)
    (attr smd)
    (fp_text reference C6 (at 0 1.524 180) (layer F.SilkS)
      (effects (font (size 1 1) (thickness 0.15)))
    )
    (fp_text value 100nF (at 0 1.43 180) (layer F.Fab)
      (effects (font (size 1 1) (thickness 0.15)))
    )
    (fp_line (start -0.8 0.4) (end -0.8 -0.4) (layer F.Fab) (width 0.1))
    (fp_line (start -0.8 -0.4) (end 0.8 -0.4) (layer F.Fab) (width 0.1))
    (fp_line (start 0.8 -0.4) (end 0.8 0.4) (layer F.Fab) (width 0.1))
    (fp_line (start 0.8 0.4) (end -0.8 0.4) (layer F.Fab) (width 0.1))
    (fp_line (start -0.162779 -0.51) (end 0.162779 -0.51) (layer F.SilkS) (width 0.12))
    (fp_line (start -0.162779 0.51) (end 0.162779 0.51) (layer F.SilkS) (width 0.12))
    (fp_line (start -1.48 0.73) (end -1.48 -0.73) (layer F.CrtYd) (width 0.05))
    (fp_line (start -1.48 -0.73) (end 1.48 -0.73) (layer F.CrtYd) (width 0.05))
    (fp_line (start 1.48 -0.73) (end 1.48 0.73) (layer F.CrtYd) (width 0.05))
    (fp_line (start 1.48 0.73) (end -1.48 0.73) (layer F.CrtYd) (width 0.05))
    (fp_text user %R (at 0 0 180) (layer F.Fab)
      (effects (font (size 0.4 0.4) (thickness 0.06)))
    )
    (pad 1 smd roundrect (at -0.7875 0 180) (size 0.875 0.95) (layers F.Cu F.Paste F.Mask) (roundrect_rratio 0.25)
      (net 4 +3V3))
    (pad 2 smd roundrect (at 0.7875 0 180) (size 0.875 0.95) (layers F.Cu F.Paste F.Mask) (roundrect_rratio 0.25)
      (net 5 GND))
    (model ${KISYS3DMOD}/Capacitor_SMD.3dshapes/C_0603_1608Metric.wrl
      (at (xyz 0 0 0))
      (scale (xyz 1 1 1))
      (rotate (xyz 0 0 0))
    )
  )

  (module Capacitor_SMD:C_0603_1608Metric (layer F.Cu) (tedit 5B301BBE) (tstamp 5BBF3A66)
    (at 11.0096 9.6958 180)
    (descr "Capacitor SMD 0603 (1608 Metric), square (rectangular) end terminal, IPC_7351 nominal, (Body size source: http://www.tortai-tech.com/upload/download/2011102023233369053.pdf), generated with kicad-footprint-generator")
    (tags capacitor)
    (path /5B9997DB/5BEF7A02)
    (attr smd)
    (fp_text reference C5 (at 0.3048 -1.6256 180) (layer F.SilkS)
      (effects (font (size 1 1) (thickness 0.15)))
    )
    (fp_text value 1uF (at 0 1.43 180) (layer F.Fab)
      (effects (font (size 1 1) (thickness 0.15)))
    )
    (fp_text user %R (at 0 0 180) (layer F.Fab)
      (effects (font (size 0.4 0.4) (thickness 0.06)))
    )
    (fp_line (start 1.48 0.73) (end -1.48 0.73) (layer F.CrtYd) (width 0.05))
    (fp_line (start 1.48 -0.73) (end 1.48 0.73) (layer F.CrtYd) (width 0.05))
    (fp_line (start -1.48 -0.73) (end 1.48 -0.73) (layer F.CrtYd) (width 0.05))
    (fp_line (start -1.48 0.73) (end -1.48 -0.73) (layer F.CrtYd) (width 0.05))
    (fp_line (start -0.162779 0.51) (end 0.162779 0.51) (layer F.SilkS) (width 0.12))
    (fp_line (start -0.162779 -0.51) (end 0.162779 -0.51) (layer F.SilkS) (width 0.12))
    (fp_line (start 0.8 0.4) (end -0.8 0.4) (layer F.Fab) (width 0.1))
    (fp_line (start 0.8 -0.4) (end 0.8 0.4) (layer F.Fab) (width 0.1))
    (fp_line (start -0.8 -0.4) (end 0.8 -0.4) (layer F.Fab) (width 0.1))
    (fp_line (start -0.8 0.4) (end -0.8 -0.4) (layer F.Fab) (width 0.1))
    (pad 2 smd roundrect (at 0.7875 0 180) (size 0.875 0.95) (layers F.Cu F.Paste F.Mask) (roundrect_rratio 0.25)
      (net 5 GND))
    (pad 1 smd roundrect (at -0.7875 0 180) (size 0.875 0.95) (layers F.Cu F.Paste F.Mask) (roundrect_rratio 0.25)
      (net 4 +3V3))
    (model ${KISYS3DMOD}/Capacitor_SMD.3dshapes/C_0603_1608Metric.wrl
      (at (xyz 0 0 0))
      (scale (xyz 1 1 1))
      (rotate (xyz 0 0 0))
    )
  )

  (module Capacitor_SMD:C_0603_1608Metric (layer F.Cu) (tedit 5B301BBE) (tstamp 5BBF3A55)
    (at 17.2072 9.6958 180)
    (descr "Capacitor SMD 0603 (1608 Metric), square (rectangular) end terminal, IPC_7351 nominal, (Body size source: http://www.tortai-tech.com/upload/download/2011102023233369053.pdf), generated with kicad-footprint-generator")
    (tags capacitor)
    (path /5B9997DB/5BEF7387)
    (attr smd)
    (fp_text reference C4 (at -2.6416 -0.1016 180) (layer F.SilkS)
      (effects (font (size 1 1) (thickness 0.15)))
    )
    (fp_text value 100nF (at 0 1.43 180) (layer F.Fab)
      (effects (font (size 1 1) (thickness 0.15)))
    )
    (fp_line (start -0.8 0.4) (end -0.8 -0.4) (layer F.Fab) (width 0.1))
    (fp_line (start -0.8 -0.4) (end 0.8 -0.4) (layer F.Fab) (width 0.1))
    (fp_line (start 0.8 -0.4) (end 0.8 0.4) (layer F.Fab) (width 0.1))
    (fp_line (start 0.8 0.4) (end -0.8 0.4) (layer F.Fab) (width 0.1))
    (fp_line (start -0.162779 -0.51) (end 0.162779 -0.51) (layer F.SilkS) (width 0.12))
    (fp_line (start -0.162779 0.51) (end 0.162779 0.51) (layer F.SilkS) (width 0.12))
    (fp_line (start -1.48 0.73) (end -1.48 -0.73) (layer F.CrtYd) (width 0.05))
    (fp_line (start -1.48 -0.73) (end 1.48 -0.73) (layer F.CrtYd) (width 0.05))
    (fp_line (start 1.48 -0.73) (end 1.48 0.73) (layer F.CrtYd) (width 0.05))
    (fp_line (start 1.48 0.73) (end -1.48 0.73) (layer F.CrtYd) (width 0.05))
    (fp_text user %R (at 0 0 180) (layer F.Fab)
      (effects (font (size 0.4 0.4) (thickness 0.06)))
    )
    (pad 1 smd roundrect (at -0.7875 0 180) (size 0.875 0.95) (layers F.Cu F.Paste F.Mask) (roundrect_rratio 0.25)
      (net 4 +3V3))
    (pad 2 smd roundrect (at 0.7875 0 180) (size 0.875 0.95) (layers F.Cu F.Paste F.Mask) (roundrect_rratio 0.25)
      (net 5 GND))
    (model ${KISYS3DMOD}/Capacitor_SMD.3dshapes/C_0603_1608Metric.wrl
      (at (xyz 0 0 0))
